D =[ 0    12    26     6    16    10    10    18    12;...
    12     0    12    18     5    14    15     6     8;...
    26    12     0     8    14    13     8     4    10;...
     6    18     8     0    18    12     8     3     5;...
    16     5    14    18     0    14     6     9     2;...
    10    14    13    12    14     0    10    13    20;...
    10    15     8     8     6    10     0     9    10;...
    18     6     4     3     9    13     9     0     4;...
    12     8    10     5     2    20    10     4     0]



